<!DOCTYPE html>
<html lang="en">
<head>
<meta charset="UTF-8">
<title>JMVR active random walker — interactive</title>
<style>
:root {
  --bg: #fafaf8;
  --panel: #ffffff;
  --border: rgba(0,0,0,0.12);
  --text: #1a1a1a;
  --muted: #6a6a6a;
  --accent: #5b3aa8;
}
* { box-sizing: border-box; }
body {
  font-family: -apple-system, BlinkMacSystemFont, "Segoe UI", Helvetica, Arial, sans-serif;
  margin: 0; padding: 24px;
  background: var(--bg); color: var(--text);
}
h1 { font-size: 22px; font-weight: 500; margin: 0 0 4px; }
.sub { color: var(--muted); font-size: 14px; margin-bottom: 24px; }
.controls {
  display: grid; grid-template-columns: auto 1fr auto;
  gap: 10px 18px; align-items: center;
  background: var(--panel); padding: 16px 20px;
  border: 1px solid var(--border); border-radius: 10px;
  max-width: 720px; margin-bottom: 24px;
}
.controls label { font-size: 14px; color: var(--muted); }
.controls input[type=range] { width: 100%; }
.controls .val { font-size: 14px; font-weight: 500; min-width: 64px; text-align: right; font-variant-numeric: tabular-nums; }
.panels { display: grid; grid-template-columns: 1fr 1fr; gap: 24px; max-width: 900px; }
.panel {
  background: var(--panel); border: 1px solid var(--border);
  border-radius: 10px; padding: 16px;
}
.panel h2 { font-size: 16px; font-weight: 500; margin: 0 0 4px; }
.panel .descr { font-size: 13px; color: var(--muted); margin-bottom: 12px; }
canvas { width: 100%; height: auto; image-rendering: pixelated; image-rendering: crisp-edges; display: block; }
.footer { color: var(--muted); font-size: 12px; margin-top: 18px; max-width: 900px; }
</style>
</head>
<body>

<h1>JMVR active random walker</h1>
<div class="sub">Single walker. P(x, y, t = 30). Sheared k-grid + corrected c<sub>3</sub> sign.</div>

<div class="controls">
  <label for="g">γ (rotation rate)</label>
  <input id="g" type="range" min="0" max="5" step="1" value="2">
  <span class="val" id="gv">0.020</span>

  <label for="e">ε (chirality)</label>
  <input id="e" type="range" min="0" max="5" step="1" value="3">
  <span class="val" id="ev">—</span>
</div>

<div class="panels">
  <div class="panel">
    <h2>Square lattice</h2>
    <div class="descr">4 directors. Sites at integer (n₁, n₂). Walker rolled to centre.</div>
    <canvas id="sq" width="16" height="16"></canvas>
  </div>
  <div class="panel">
    <h2>Triangular lattice</h2>
    <div class="descr">6 directors. Sheared lattice basis. Walker rolled to centre.</div>
    <canvas id="tr" width="16" height="16"></canvas>
  </div>
</div>

<div class="footer">
  Pre-computed on an L×L torus at fixed t. Slider snaps to grid values:
  γ ∈ {0.005, 0.01, 0.02, 0.05, 0.10, 0.20}, ε swept across each lattice's physical range.
  Probability rendered with the same black→purple→red→yellow palette used in Confinement-2021 Fig 11.
</div>

<script>
const DATA = {"L":16,"t":30.0,"gammas":[0.005,0.01,0.02,0.05,0.1,0.2],"eps_square":[0.0,0.05,0.1,0.15,0.2,0.24],"eps_triangular":[0.0,0.03,0.07,0.1,0.13,0.16],"square":[[[0.00058,0.00064,0.00083,0.00111,0.00147,0.00185,0.00219,0.00242,0.00251,0.00242,0.00219,0.00185,0.00147,0.00111,0.00083,0.00064,0.00064,0.00071,0.00092,0.00123,0.00163,0.00205,0.00242,0.00268,0.00278,0.00268,0.00242,0.00205,0.00163,0.00123,0.00092,0.00071,0.00083,0.00092,0.00118,0.00158,0.00209,0.00263,0.00311,0.00345,0.00356,0.00345,0.00311,0.00263,0.00209,0.00158,0.00118,0.00092,0.00111,0.00123,0.00158,0.00213,0.00281,0.00354,0.00419,0.00464,0.0048,0.00464,0.00419,0.00354,0.00281,0.00213,0.00158,0.00123,0.00147,0.00163,0.00209,0.00281,0.00372,0.00467,0.00553,0.00612,0.00634,0.00612,0.00553,0.00467,0.00372,0.00281,0.00209,0.00163,0.00185,0.00205,0.00263,0.00354,0.00467,0.00588,0.00695,0.0077,0.00797,0.0077,0.00695,0.00588,0.00467,0.00354,0.00263,0.00205,0.00219,0.00242,0.00311,0.00419,0.00553,0.00695,0.00823,0.00911,0.00943,0.00911,0.00823,0.00695,0.00553,0.00419,0.00311,0.00242,0.00242,0.00268,0.00345,0.00464,0.00612,0.0077,0.00911,0.01009,0.01044,0.01009,0.00911,0.0077,0.00612,0.00464,0.00345,0.00268,0.00251,0.00278,0.00356,0.0048,0.00634,0.00797,0.00943,0.01044,0.01081,0.01044,0.00943,0.00797,0.00634,0.0048,0.00356,0.00278,0.00242,0.00268,0.00345,0.00464,0.00612,0.0077,0.00911,0.01009,0.01044,0.01009,0.00911,0.0077,0.00612,0.00464,0.00345,0.00268,0.00219,0.00242,0.00311,0.00419,0.00553,0.00695,0.00823,0.00911,0.00943,0.00911,0.00823,0.00695,0.00553,0.00419,0.00311,0.00242,0.00185,0.00205,0.00263,0.00354,0.00467,0.00588,0.00695,0.0077,0.00797,0.0077,0.00695,0.00588,0.00467,0.00354,0.00263,0.00205,0.00147,0.00163,0.00209,0.00281,0.00372,0.00467,0.00553,0.00612,0.00634,0.00612,0.00553,0.00467,0.00372,0.00281,0.00209,0.00163,0.00111,0.00123,0.00158,0.00213,0.00281,0.00354,0.00419,0.00464,0.0048,0.00464,0.00419,0.00354,0.00281,0.00213,0.00158,0.00123,0.00083,0.00092,0.00118,0.00158,0.00209,0.00263,0.00311,0.00345,0.00356,0.00345,0.00311,0.00263,0.00209,0.00158,0.00118,0.00092,0.00064,0.00071,0.00092,0.00123,0.00163,0.00205,0.00242,0.00268,0.00278,0.00268,0.00242,0.00205,0.00163,0.00123,0.00092,0.00071],[0.00107,0.00115,0.00137,0.0017,0.00212,0.00254,0.00291,0.00317,0.00326,0.00317,0.00291,0.00254,0.00212,0.0017,0.00137,0.00115,0.00115,0.00123,0.00146,0.00181,0.00224,0.00269,0.00308,0.00335,0.00344,0.00335,0.00308,0.00269,0.00224,0.00181,0.00146,0.00123,0.00137,0.00146,0.00172,0.00213,0.00261,0.00312,0.00356,0.00386,0.00396,0.00386,0.00356,0.00312,0.00261,0.00213,0.00172,0.00146,0.0017,0.00181,0.00213,0.0026,0.00318,0.00377,0.00428,0.00463,0.00475,0.00463,0.00428,0.00377,0.00318,0.0026,0.00213,0.00181,0.00212,0.00224,0.00261,0.00318,0.00385,0.00455,0.00515,0.00556,0.0057,0.00556,0.00515,0.00455,0.00385,0.00318,0.00261,0.00224,0.00254,0.00269,0.00312,0.00377,0.00455,0.00534,0.00603,0.00649,0.00666,0.00649,0.00603,0.00534,0.00455,0.00377,0.00312,0.00269,0.00291,0.00308,0.00356,0.00428,0.00515,0.00603,0.00679,0.0073,0.00748,0.0073,0.00679,0.00603,0.00515,0.00428,0.00356,0.00308,0.00317,0.00335,0.00386,0.00463,0.00556,0.00649,0.0073,0.00785,0.00804,0.00785,0.0073,0.00649,0.00556,0.00463,0.00386,0.00335,0.00326,0.00344,0.00396,0.00475,0.0057,0.00666,0.00748,0.00804,0.00823,0.00804,0.00748,0.00666,0.0057,0.00475,0.00396,0.00344,0.00317,0.00335,0.00386,0.00463,0.00556,0.00649,0.0073,0.00785,0.00804,0.00785,0.0073,0.00649,0.00556,0.00463,0.00386,0.00335,0.00291,0.00308,0.00356,0.00428,0.00515,0.00603,0.00679,0.0073,0.00748,0.0073,0.00679,0.00603,0.00515,0.00428,0.00356,0.00308,0.00254,0.00269,0.00312,0.00377,0.00455,0.00534,0.00603,0.00649,0.00666,0.00649,0.00603,0.00534,0.00455,0.00377,0.00312,0.00269,0.00212,0.00224,0.00261,0.00318,0.00385,0.00455,0.00515,0.00556,0.0057,0.00556,0.00515,0.00455,0.00385,0.00318,0.00261,0.00224,0.0017,0.00181,0.00213,0.0026,0.00318,0.00377,0.00428,0.00463,0.00475,0.00463,0.00428,0.00377,0.00318,0.0026,0.00213,0.00181,0.00137,0.00146,0.00172,0.00213,0.00261,0.00312,0.00356,0.00386,0.00396,0.00386,0.00356,0.00312,0.00261,0.00213,0.00172,0.00146,0.00115,0.00123,0.00146,0.00181,0.00224,0.00269,0.00308,0.00335,0.00344,0.00335,0.00308,0.00269,0.00224,0.00181,0.00146,0.00123],[0.00211,0.0022,0.00247,0.00288,0.0034,0.00394,0.00443,0.00477,0.00489,0.00477,0.00443,0.00394,0.0034,0.00288,0.00247,0.0022,0.0022,0.00229,0.00254,0.00294,0.00343,0.00395,0.00442,0.00474,0.00485,0.00474,0.00442,0.00395,0.00343,0.00294,0.00254,0.00229,0.00247,0.00254,0.00276,0.0031,0.00352,0.00398,0.00438,0.00466,0.00476,0.00466,0.00438,0.00398,0.00352,0.0031,0.00276,0.00254,0.00288,0.00294,0.0031,0.00336,0.00368,0.00402,0.00432,0.00453,0.00461,0.00453,0.00432,0.00402,0.00368,0.00336,0.0031,0.00294,0.0034,0.00343,0.00352,0.00368,0.00387,0.00407,0.00425,0.00437,0.00442,0.00437,0.00425,0.00407,0.00387,0.00368,0.00352,0.00343,0.00394,0.00395,0.00398,0.00402,0.00407,0.00412,0.00417,0.00421,0.00422,0.00421,0.00417,0.00412,0.00407,0.00402,0.00398,0.00395,0.00443,0.00442,0.00438,0.00432,0.00425,0.00417,0.00411,0.00407,0.00405,0.00407,0.00411,0.00417,0.00425,0.00432,0.00438,0.00442,0.00477,0.00474,0.00466,0.00453,0.00437,0.00421,0.00407,0.00397,0.00394,0.00397,0.00407,0.00421,0.00437,0.00453,0.00466,0.00474,0.00489,0.00485,0.00476,0.00461,0.00442,0.00422,0.00405,0.00394,0.00389,0.00394,0.00405,0.00422,0.00442,0.00461,0.00476,0.00485,0.00477,0.00474,0.00466,0.00453,0.00437,0.00421,0.00407,0.00397,0.00394,0.00397,0.00407,0.00421,0.00437,0.00453,0.00466,0.00474,0.00443,0.00442,0.00438,0.00432,0.00425,0.00417,0.00411,0.00407,0.00405,0.00407,0.00411,0.00417,0.00425,0.00432,0.00438,0.00442,0.00394,0.00395,0.00398,0.00402,0.00407,0.00412,0.00417,0.00421,0.00422,0.00421,0.00417,0.00412,0.00407,0.00402,0.00398,0.00395,0.0034,0.00343,0.00352,0.00368,0.00387,0.00407,0.00425,0.00437,0.00442,0.00437,0.00425,0.00407,0.00387,0.00368,0.00352,0.00343,0.00288,0.00294,0.0031,0.00336,0.00368,0.00402,0.00432,0.00453,0.00461,0.00453,0.00432,0.00402,0.00368,0.00336,0.0031,0.00294,0.00247,0.00254,0.00276,0.0031,0.00352,0.00398,0.00438,0.00466,0.00476,0.00466,0.00438,0.00398,0.00352,0.0031,0.00276,0.00254,0.0022,0.00229,0.00254,0.00294,0.00343,0.00395,0.00442,0.00474,0.00485,0.00474,0.00442,0.00395,0.00343,0.00294,0.00254,0.00229],[0.0026,0.00269,0.00294,0.00335,0.00388,0.00446,0.00499,0.00536,0.0055,0.00536,0.00499,0.00446,0.00388,0.00335,0.00294,0.00269,0.00269,0.00277,0.003,0.00337,0.00386,0.0044,0.00489,0.00524,0.00536,0.00524,0.00489,0.0044,0.00386,0.00337,0.003,0.00277,0.00294,0.003,0.00316,0.00344,0.00381,0.00422,0.00462,0.0049,0.005,0.0049,0.00462,0.00422,0.00381,0.00344,0.00316,0.003,0.00335,0.00337,0.00344,0.00356,0.00376,0.004,0.00424,0.00442,0.00449,0.00442,0.00424,0.004,0.00376,0.00356,0.00344,0.00337,0.00388,0.00386,0.00381,0.00376,0.00374,0.00377,0.00384,0.0039,0.00393,0.0039,0.00384,0.00377,0.00374,0.00376,0.00381,0.00386,0.00446,0.0044,0.00422,0.004,0.00377,0.0036,0.00349,0.00343,0.00342,0.00343,0.00349,0.0036,0.00377,0.004,0.00422,0.0044,0.00499,0.00489,0.00462,0.00424,0.00384,0.00349,0.00323,0.00308,0.00303,0.00308,0.00323,0.00349,0.00384,0.00424,0.00462,0.00489,0.00536,0.00524,0.0049,0.00442,0.0039,0.00343,0.00308,0.00286,0.00279,0.00286,0.00308,0.00343,0.0039,0.00442,0.0049,0.00524,0.0055,0.00536,0.005,0.00449,0.00393,0.00342,0.00303,0.00279,0.00271,0.00279,0.00303,0.00342,0.00393,0.00449,0.005,0.00536,0.00536,0.00524,0.0049,0.00442,0.0039,0.00343,0.00308,0.00286,0.00279,0.00286,0.00308,0.00343,0.0039,0.00442,0.0049,0.00524,0.00499,0.00489,0.00462,0.00424,0.00384,0.00349,0.00323,0.00308,0.00303,0.00308,0.00323,0.00349,0.00384,0.00424,0.00462,0.00489,0.00446,0.0044,0.00422,0.004,0.00377,0.0036,0.00349,0.00343,0.00342,0.00343,0.00349,0.0036,0.00377,0.004,0.00422,0.0044,0.00388,0.00386,0.00381,0.00376,0.00374,0.00377,0.00384,0.0039,0.00393,0.0039,0.00384,0.00377,0.00374,0.00376,0.00381,0.00386,0.00335,0.00337,0.00344,0.00356,0.00376,0.004,0.00424,0.00442,0.00449,0.00442,0.00424,0.004,0.00376,0.00356,0.00344,0.00337,0.00294,0.003,0.00316,0.00344,0.00381,0.00422,0.00462,0.0049,0.005,0.0049,0.00462,0.00422,0.00381,0.00344,0.00316,0.003,0.00269,0.00277,0.003,0.00337,0.00386,0.0044,0.00489,0.00524,0.00536,0.00524,0.00489,0.0044,0.00386,0.00337,0.003,0.00277],[0.00203,0.0021,0.0023,0.00262,0.00302,0.00343,0.0038,0.00405,0.00414,0.00405,0.0038,0.00343,0.00302,0.00262,0.0023,0.0021,0.0021,0.00217,0.00237,0.00269,0.00308,0.00349,0.00385,0.0041,0.00419,0.0041,0.00385,0.00349,0.00308,0.00269,0.00237,0.00217,0.0023,0.00237,0.00257,0.00288,0.00326,0.00366,0.00401,0.00425,0.00434,0.00425,0.00401,0.00366,0.00326,0.00288,0.00257,0.00237,0.00262,0.00269,0.00288,0.00317,0.00353,0.00391,0.00424,0.00447,0.00455,0.00447,0.00424,0.00391,0.00353,0.00317,0.00288,0.00269,0.00302,0.00308,0.00326,0.00353,0.00387,0.00421,0.00452,0.00472,0.0048,0.00472,0.00452,0.00421,0.00387,0.00353,0.00326,0.00308,0.00343,0.00349,0.00366,0.00391,0.00421,0.00453,0.0048,0.00498,0.00505,0.00498,0.0048,0.00453,0.00421,0.00391,0.00366,0.00349,0.0038,0.00385,0.00401,0.00424,0.00452,0.0048,0.00504,0.0052,0.00526,0.0052,0.00504,0.0048,0.00452,0.00424,0.00401,0.00385,0.00405,0.0041,0.00425,0.00447,0.00472,0.00498,0.0052,0.00535,0.0054,0.00535,0.0052,0.00498,0.00472,0.00447,0.00425,0.0041,0.00414,0.00419,0.00434,0.00455,0.0048,0.00505,0.00526,0.0054,0.00545,0.0054,0.00526,0.00505,0.0048,0.00455,0.00434,0.00419,0.00405,0.0041,0.00425,0.00447,0.00472,0.00498,0.0052,0.00535,0.0054,0.00535,0.0052,0.00498,0.00472,0.00447,0.00425,0.0041,0.0038,0.00385,0.00401,0.00424,0.00452,0.0048,0.00504,0.0052,0.00526,0.0052,0.00504,0.0048,0.00452,0.00424,0.00401,0.00385,0.00343,0.00349,0.00366,0.00391,0.00421,0.00453,0.0048,0.00498,0.00505,0.00498,0.0048,0.00453,0.00421,0.00391,0.00366,0.00349,0.00302,0.00308,0.00326,0.00353,0.00387,0.00421,0.00452,0.00472,0.0048,0.00472,0.00452,0.00421,0.00387,0.00353,0.00326,0.00308,0.00262,0.00269,0.00288,0.00317,0.00353,0.00391,0.00424,0.00447,0.00455,0.00447,0.00424,0.00391,0.00353,0.00317,0.00288,0.00269,0.0023,0.00237,0.00257,0.00288,0.00326,0.00366,0.00401,0.00425,0.00434,0.00425,0.00401,0.00366,0.00326,0.00288,0.00257,0.00237,0.0021,0.00217,0.00237,0.00269,0.00308,0.00349,0.00385,0.0041,0.00419,0.0041,0.00385,0.00349,0.00308,0.00269,0.00237,0.00217],[0.00137,0.00143,0.00158,0.00182,0.00211,0.0024,0.00265,0.00282,0.00288,0.00282,0.00265,0.0024,0.00211,0.00182,0.00158,0.00143,0.00143,0.00149,0.00166,0.00192,0.00224,0.00256,0.00284,0.00303,0.0031,0.00303,0.00284,0.00256,0.00224,0.00192,0.00166,0.00149,0.00158,0.00166,0.00188,0.00222,0.00262,0.00303,0.00338,0.00362,0.00371,0.00362,0.00338,0.00303,0.00262,0.00222,0.00188,0.00166,0.00182,0.00192,0.00222,0.00267,0.0032,0.00374,0.0042,0.00451,0.00462,0.00451,0.0042,0.00374,0.0032,0.00267,0.00222,0.00192,0.00211,0.00224,0.00262,0.0032,0.00388,0.00458,0.00517,0.00557,0.00571,0.00557,0.00517,0.00458,0.00388,0.0032,0.00262,0.00224,0.0024,0.00256,0.00303,0.00374,0.00458,0.00542,0.00614,0.00663,0.0068,0.00663,0.00614,0.00542,0.00458,0.00374,0.00303,0.00256,0.00265,0.00284,0.00338,0.0042,0.00517,0.00614,0.00697,0.00753,0.00773,0.00753,0.00697,0.00614,0.00517,0.0042,0.00338,0.00284,0.00282,0.00303,0.00362,0.00451,0.00557,0.00663,0.00753,0.00814,0.00835,0.00814,0.00753,0.00663,0.00557,0.00451,0.00362,0.00303,0.00288,0.0031,0.00371,0.00462,0.00571,0.0068,0.00773,0.00835,0.00857,0.00835,0.00773,0.0068,0.00571,0.00462,0.00371,0.0031,0.00282,0.00303,0.00362,0.00451,0.00557,0.00663,0.00753,0.00814,0.00835,0.00814,0.00753,0.00663,0.00557,0.00451,0.00362,0.00303,0.00265,0.00284,0.00338,0.0042,0.00517,0.00614,0.00697,0.00753,0.00773,0.00753,0.00697,0.00614,0.00517,0.0042,0.00338,0.00284,0.0024,0.00256,0.00303,0.00374,0.00458,0.00542,0.00614,0.00663,0.0068,0.00663,0.00614,0.00542,0.00458,0.00374,0.00303,0.00256,0.00211,0.00224,0.00262,0.0032,0.00388,0.00458,0.00517,0.00557,0.00571,0.00557,0.00517,0.00458,0.00388,0.0032,0.00262,0.00224,0.00182,0.00192,0.00222,0.00267,0.0032,0.00374,0.0042,0.00451,0.00462,0.00451,0.0042,0.00374,0.0032,0.00267,0.00222,0.00192,0.00158,0.00166,0.00188,0.00222,0.00262,0.00303,0.00338,0.00362,0.00371,0.00362,0.00338,0.00303,0.00262,0.00222,0.00188,0.00166,0.00143,0.00149,0.00166,0.00192,0.00224,0.00256,0.00284,0.00303,0.0031,0.00303,0.00284,0.00256,0.00224,0.00192,0.00166,0.00149]],[[0.00058,0.00064,0.00083,0.00111,0.00147,0.00185,0.00219,0.00242,0.00251,0.00242,0.00219,0.00185,0.00147,0.00111,0.00083,0.00064,0.00064,0.00071,0.00092,0.00123,0.00163,0.00205,0.00242,0.00268,0.00278,0.00268,0.00242,0.00205,0.00163,0.00123,0.00092,0.00071,0.00083,0.00092,0.00118,0.00158,0.00209,0.00263,0.00311,0.00345,0.00356,0.00345,0.00311,0.00263,0.00209,0.00158,0.00118,0.00092,0.00111,0.00123,0.00158,0.00213,0.00281,0.00354,0.00419,0.00464,0.0048,0.00464,0.00419,0.00354,0.00281,0.00213,0.00158,0.00123,0.00147,0.00163,0.00209,0.00281,0.00372,0.00467,0.00553,0.00612,0.00634,0.00612,0.00553,0.00467,0.00372,0.00281,0.00209,0.00163,0.00185,0.00205,0.00263,0.00354,0.00467,0.00588,0.00695,0.0077,0.00797,0.0077,0.00695,0.00588,0.00467,0.00354,0.00263,0.00205,0.00219,0.00242,0.00311,0.00419,0.00553,0.00695,0.00823,0.00911,0.00943,0.00911,0.00823,0.00695,0.00553,0.00419,0.00311,0.00242,0.00242,0.00268,0.00345,0.00464,0.00612,0.0077,0.00911,0.01009,0.01044,0.01009,0.00911,0.0077,0.00612,0.00464,0.00345,0.00268,0.00251,0.00278,0.00356,0.0048,0.00634,0.00797,0.00943,0.01044,0.01081,0.01044,0.00943,0.00797,0.00634,0.0048,0.00356,0.00278,0.00242,0.00268,0.00345,0.00464,0.00612,0.0077,0.00911,0.01009,0.01044,0.01009,0.00911,0.0077,0.00612,0.00464,0.00345,0.00268,0.00219,0.00242,0.00311,0.00419,0.00553,0.00695,0.00823,0.00911,0.00943,0.00911,0.00823,0.00695,0.00553,0.00419,0.00311,0.00242,0.00185,0.00205,0.00263,0.00354,0.00467,0.00588,0.00695,0.0077,0.00797,0.0077,0.00695,0.00588,0.00467,0.00354,0.00263,0.00205,0.00147,0.00163,0.00209,0.00281,0.00372,0.00467,0.00553,0.00612,0.00634,0.00612,0.00553,0.00467,0.00372,0.00281,0.00209,0.00163,0.00111,0.00123,0.00158,0.00213,0.00281,0.00354,0.00419,0.00464,0.0048,0.00464,0.00419,0.00354,0.00281,0.00213,0.00158,0.00123,0.00083,0.00092,0.00118,0.00158,0.00209,0.00263,0.00311,0.00345,0.00356,0.00345,0.00311,0.00263,0.00209,0.00158,0.00118,0.00092,0.00064,0.00071,0.00092,0.00123,0.00163,0.00205,0.00242,0.00268,0.00278,0.00268,0.00242,0.00205,0.00163,0.00123,0.00092,0.00071],[0.00105,0.00113,0.00135,0.00168,0.00209,0.00251,0.00288,0.00313,0.00322,0.00313,0.00288,0.00251,0.00209,0.00168,0.00135,0.00113,0.00113,0.00121,0.00144,0.00179,0.00222,0.00266,0.00305,0.00331,0.00341,0.00331,0.00305,0.00266,0.00222,0.00179,0.00144,0.00121,0.00135,0.00144,0.0017,0.0021,0.00259,0.0031,0.00354,0.00384,0.00394,0.00384,0.00354,0.0031,0.00259,0.0021,0.0017,0.00144,0.00168,0.00179,0.0021,0.00258,0.00316,0.00376,0.00428,0.00463,0.00475,0.00463,0.00428,0.00376,0.00316,0.00258,0.0021,0.00179,0.00209,0.00222,0.00259,0.00316,0.00385,0.00455,0.00517,0.00558,0.00573,0.00558,0.00517,0.00455,0.00385,0.00316,0.00259,0.00222,0.00251,0.00266,0.0031,0.00376,0.00455,0.00537,0.00607,0.00655,0.00672,0.00655,0.00607,0.00537,0.00455,0.00376,0.0031,0.00266,0.00288,0.00305,0.00354,0.00428,0.00517,0.00607,0.00685,0.00738,0.00757,0.00738,0.00685,0.00607,0.00517,0.00428,0.00354,0.00305,0.00313,0.00331,0.00384,0.00463,0.00558,0.00655,0.00738,0.00794,0.00814,0.00794,0.00738,0.00655,0.00558,0.00463,0.00384,0.00331,0.00322,0.00341,0.00394,0.00475,0.00573,0.00672,0.00757,0.00814,0.00834,0.00814,0.00757,0.00672,0.00573,0.00475,0.00394,0.00341,0.00313,0.00331,0.00384,0.00463,0.00558,0.00655,0.00738,0.00794,0.00814,0.00794,0.00738,0.00655,0.00558,0.00463,0.00384,0.00331,0.00288,0.00305,0.00354,0.00428,0.00517,0.00607,0.00685,0.00738,0.00757,0.00738,0.00685,0.00607,0.00517,0.00428,0.00354,0.00305,0.00251,0.00266,0.0031,0.00376,0.00455,0.00537,0.00607,0.00655,0.00672,0.00655,0.00607,0.00537,0.00455,0.00376,0.0031,0.00266,0.00209,0.00222,0.00259,0.00316,0.00385,0.00455,0.00517,0.00558,0.00573,0.00558,0.00517,0.00455,0.00385,0.00316,0.00259,0.00222,0.00168,0.00179,0.0021,0.00258,0.00316,0.00376,0.00428,0.00463,0.00475,0.00463,0.00428,0.00376,0.00316,0.00258,0.0021,0.00179,0.00135,0.00144,0.0017,0.0021,0.00259,0.0031,0.00354,0.00384,0.00394,0.00384,0.00354,0.0031,0.00259,0.0021,0.0017,0.00144,0.00113,0.00121,0.00144,0.00179,0.00222,0.00266,0.00305,0.00331,0.00341,0.00331,0.00305,0.00266,0.00222,0.00179,0.00144,0.00121],[0.00209,0.00218,0.00244,0.00284,0.00334,0.00386,0.00433,0.00466,0.00477,0.00466,0.00433,0.00386,0.00334,0.00284,0.00244,0.00218,0.00218,0.00226,0.00251,0.0029,0.00338,0.00388,0.00433,0.00464,0.00475,0.00464,0.00433,0.00388,0.00338,0.0029,0.00251,0.00226,0.00244,0.00251,0.00273,0.00307,0.00349,0.00393,0.00432,0.0046,0.00469,0.0046,0.00432,0.00393,0.00349,0.00307,0.00273,0.00251,0.00284,0.0029,0.00307,0.00333,0.00366,0.00401,0.00431,0.00452,0.0046,0.00452,0.00431,0.00401,0.00366,0.00333,0.00307,0.0029,0.00334,0.00338,0.00349,0.00366,0.00388,0.0041,0.00429,0.00443,0.00448,0.00443,0.00429,0.0041,0.00388,0.00366,0.00349,0.00338,0.00386,0.00388,0.00393,0.00401,0.0041,0.00419,0.00427,0.00432,0.00434,0.00432,0.00427,0.00419,0.0041,0.00401,0.00393,0.00388,0.00433,0.00433,0.00432,0.00431,0.00429,0.00427,0.00425,0.00423,0.00422,0.00423,0.00425,0.00427,0.00429,0.00431,0.00432,0.00433,0.00466,0.00464,0.0046,0.00452,0.00443,0.00432,0.00423,0.00416,0.00414,0.00416,0.00423,0.00432,0.00443,0.00452,0.0046,0.00464,0.00477,0.00475,0.00469,0.0046,0.00448,0.00434,0.00422,0.00414,0.00411,0.00414,0.00422,0.00434,0.00448,0.0046,0.00469,0.00475,0.00466,0.00464,0.0046,0.00452,0.00443,0.00432,0.00423,0.00416,0.00414,0.00416,0.00423,0.00432,0.00443,0.00452,0.0046,0.00464,0.00433,0.00433,0.00432,0.00431,0.00429,0.00427,0.00425,0.00423,0.00422,0.00423,0.00425,0.00427,0.00429,0.00431,0.00432,0.00433,0.00386,0.00388,0.00393,0.00401,0.0041,0.00419,0.00427,0.00432,0.00434,0.00432,0.00427,0.00419,0.0041,0.00401,0.00393,0.00388,0.00334,0.00338,0.00349,0.00366,0.00388,0.0041,0.00429,0.00443,0.00448,0.00443,0.00429,0.0041,0.00388,0.00366,0.00349,0.00338,0.00284,0.0029,0.00307,0.00333,0.00366,0.00401,0.00431,0.00452,0.0046,0.00452,0.00431,0.00401,0.00366,0.00333,0.00307,0.0029,0.00244,0.00251,0.00273,0.00307,0.00349,0.00393,0.00432,0.0046,0.00469,0.0046,0.00432,0.00393,0.00349,0.00307,0.00273,0.00251,0.00218,0.00226,0.00251,0.0029,0.00338,0.00388,0.00433,0.00464,0.00475,0.00464,0.00433,0.00388,0.00338,0.0029,0.00251,0.00226],[0.00271,0.00279,0.00303,0.00341,0.0039,0.00443,0.00492,0.00526,0.00538,0.00526,0.00492,0.00443,0.0039,0.00341,0.00303,0.00279,0.00279,0.00286,0.00308,0.00343,0.00388,0.00437,0.00482,0.00514,0.00526,0.00514,0.00482,0.00437,0.00388,0.00343,0.00308,0.00286,0.00303,0.00308,0.00323,0.00349,0.00383,0.00421,0.00457,0.00482,0.00492,0.00482,0.00457,0.00421,0.00383,0.00349,0.00323,0.00308,0.00341,0.00343,0.00349,0.00361,0.00378,0.004,0.00422,0.00438,0.00444,0.00438,0.00422,0.004,0.00378,0.00361,0.00349,0.00343,0.0039,0.00388,0.00383,0.00378,0.00376,0.00379,0.00384,0.00389,0.00391,0.00389,0.00384,0.00379,0.00376,0.00378,0.00383,0.00388,0.00443,0.00437,0.00421,0.004,0.00379,0.00362,0.0035,0.00344,0.00343,0.00344,0.0035,0.00362,0.00379,0.004,0.00421,0.00437,0.00492,0.00482,0.00457,0.00422,0.00384,0.0035,0.00325,0.0031,0.00305,0.0031,0.00325,0.0035,0.00384,0.00422,0.00457,0.00482,0.00526,0.00514,0.00482,0.00438,0.00389,0.00344,0.0031,0.00289,0.00282,0.00289,0.0031,0.00344,0.00389,0.00438,0.00482,0.00514,0.00538,0.00526,0.00492,0.00444,0.00391,0.00343,0.00305,0.00282,0.00274,0.00282,0.00305,0.00343,0.00391,0.00444,0.00492,0.00526,0.00526,0.00514,0.00482,0.00438,0.00389,0.00344,0.0031,0.00289,0.00282,0.00289,0.0031,0.00344,0.00389,0.00438,0.00482,0.00514,0.00492,0.00482,0.00457,0.00422,0.00384,0.0035,0.00325,0.0031,0.00305,0.0031,0.00325,0.0035,0.00384,0.00422,0.00457,0.00482,0.00443,0.00437,0.00421,0.004,0.00379,0.00362,0.0035,0.00344,0.00343,0.00344,0.0035,0.00362,0.00379,0.004,0.00421,0.00437,0.0039,0.00388,0.00383,0.00378,0.00376,0.00379,0.00384,0.00389,0.00391,0.00389,0.00384,0.00379,0.00376,0.00378,0.00383,0.00388,0.00341,0.00343,0.00349,0.00361,0.00378,0.004,0.00422,0.00438,0.00444,0.00438,0.00422,0.004,0.00378,0.00361,0.00349,0.00343,0.00303,0.00308,0.00323,0.00349,0.00383,0.00421,0.00457,0.00482,0.00492,0.00482,0.00457,0.00421,0.00383,0.00349,0.00323,0.00308,0.00279,0.00286,0.00308,0.00343,0.00388,0.00437,0.00482,0.00514,0.00526,0.00514,0.00482,0.00437,0.00388,0.00343,0.00308,0.00286],[0.00237,0.00243,0.00261,0.00287,0.00321,0.00355,0.00386,0.00407,0.00415,0.00407,0.00386,0.00355,0.00321,0.00287,0.00261,0.00243,0.00243,0.00249,0.00266,0.00293,0.00325,0.0036,0.0039,0.00411,0.00419,0.00411,0.0039,0.0036,0.00325,0.00293,0.00266,0.00249,0.00261,0.00266,0.00283,0.00308,0.00339,0.00372,0.00401,0.00421,0.00428,0.00421,0.00401,0.00372,0.00339,0.00308,0.00283,0.00266,0.00287,0.00293,0.00308,0.00332,0.00361,0.00391,0.00418,0.00437,0.00443,0.00437,0.00418,0.00391,0.00361,0.00332,0.00308,0.00293,0.00321,0.00325,0.00339,0.00361,0.00387,0.00414,0.00439,0.00455,0.00461,0.00455,0.00439,0.00414,0.00387,0.00361,0.00339,0.00325,0.00355,0.0036,0.00372,0.00391,0.00414,0.00438,0.00459,0.00474,0.00479,0.00474,0.00459,0.00438,0.00414,0.00391,0.00372,0.0036,0.00386,0.0039,0.00401,0.00418,0.00439,0.00459,0.00477,0.0049,0.00494,0.0049,0.00477,0.00459,0.00439,0.00418,0.00401,0.0039,0.00407,0.00411,0.00421,0.00437,0.00455,0.00474,0.0049,0.005,0.00504,0.005,0.0049,0.00474,0.00455,0.00437,0.00421,0.00411,0.00415,0.00419,0.00428,0.00443,0.00461,0.00479,0.00494,0.00504,0.00508,0.00504,0.00494,0.00479,0.00461,0.00443,0.00428,0.00419,0.00407,0.00411,0.00421,0.00437,0.00455,0.00474,0.0049,0.005,0.00504,0.005,0.0049,0.00474,0.00455,0.00437,0.00421,0.00411,0.00386,0.0039,0.00401,0.00418,0.00439,0.00459,0.00477,0.0049,0.00494,0.0049,0.00477,0.00459,0.00439,0.00418,0.00401,0.0039,0.00355,0.0036,0.00372,0.00391,0.00414,0.00438,0.00459,0.00474,0.00479,0.00474,0.00459,0.00438,0.00414,0.00391,0.00372,0.0036,0.00321,0.00325,0.00339,0.00361,0.00387,0.00414,0.00439,0.00455,0.00461,0.00455,0.00439,0.00414,0.00387,0.00361,0.00339,0.00325,0.00287,0.00293,0.00308,0.00332,0.00361,0.00391,0.00418,0.00437,0.00443,0.00437,0.00418,0.00391,0.00361,0.00332,0.00308,0.00293,0.00261,0.00266,0.00283,0.00308,0.00339,0.00372,0.00401,0.00421,0.00428,0.00421,0.00401,0.00372,0.00339,0.00308,0.00283,0.00266,0.00243,0.00249,0.00266,0.00293,0.00325,0.0036,0.0039,0.00411,0.00419,0.00411,0.0039,0.0036,0.00325,0.00293,0.00266,0.00249],[0.00186,0.0019,0.00201,0.00219,0.0024,0.00261,0.0028,0.00292,0.00297,0.00292,0.0028,0.00261,0.0024,0.00219,0.00201,0.0019,0.0019,0.00194,0.00207,0.00227,0.00251,0.00275,0.00296,0.0031,0.00315,0.0031,0.00296,0.00275,0.00251,0.00227,0.00207,0.00194,0.00201,0.00207,0.00225,0.00251,0.00283,0.00315,0.00343,0.00362,0.00368,0.00362,0.00343,0.00315,0.00283,0.00251,0.00225,0.00207,0.00219,0.00227,0.00251,0.00288,0.00331,0.00375,0.00413,0.00439,0.00448,0.00439,0.00413,0.00375,0.00331,0.00288,0.00251,0.00227,0.0024,0.00251,0.00283,0.00331,0.00389,0.00447,0.00497,0.0053,0.00542,0.0053,0.00497,0.00447,0.00389,0.00331,0.00283,0.00251,0.00261,0.00275,0.00315,0.00375,0.00447,0.00519,0.0058,0.00622,0.00636,0.00622,0.0058,0.00519,0.00447,0.00375,0.00315,0.00275,0.0028,0.00296,0.00343,0.00413,0.00497,0.0058,0.00652,0.007,0.00717,0.007,0.00652,0.0058,0.00497,0.00413,0.00343,0.00296,0.00292,0.0031,0.00362,0.00439,0.0053,0.00622,0.007,0.00752,0.00771,0.00752,0.007,0.00622,0.0053,0.00439,0.00362,0.0031,0.00297,0.00315,0.00368,0.00448,0.00542,0.00636,0.00717,0.00771,0.00789,0.00771,0.00717,0.00636,0.00542,0.00448,0.00368,0.00315,0.00292,0.0031,0.00362,0.00439,0.0053,0.00622,0.007,0.00752,0.00771,0.00752,0.007,0.00622,0.0053,0.00439,0.00362,0.0031,0.0028,0.00296,0.00343,0.00413,0.00497,0.0058,0.00652,0.007,0.00717,0.007,0.00652,0.0058,0.00497,0.00413,0.00343,0.00296,0.00261,0.00275,0.00315,0.00375,0.00447,0.00519,0.0058,0.00622,0.00636,0.00622,0.0058,0.00519,0.00447,0.00375,0.00315,0.00275,0.0024,0.00251,0.00283,0.00331,0.00389,0.00447,0.00497,0.0053,0.00542,0.0053,0.00497,0.00447,0.00389,0.00331,0.00283,0.00251,0.00219,0.00227,0.00251,0.00288,0.00331,0.00375,0.00413,0.00439,0.00448,0.00439,0.00413,0.00375,0.00331,0.00288,0.00251,0.00227,0.00201,0.00207,0.00225,0.00251,0.00283,0.00315,0.00343,0.00362,0.00368,0.00362,0.00343,0.00315,0.00283,0.00251,0.00225,0.00207,0.0019,0.00194,0.00207,0.00227,0.00251,0.00275,0.00296,0.0031,0.00315,0.0031,0.00296,0.00275,0.00251,0.00227,0.00207,0.00194]],[[0.00058,0.00064,0.00083,0.00111,0.00147,0.00185,0.00219,0.00242,0.00251,0.00242,0.00219,0.00185,0.00147,0.00111,0.00083,0.00064,0.00064,0.00071,0.00092,0.00123,0.00163,0.00205,0.00242,0.00268,0.00278,0.00268,0.00242,0.00205,0.00163,0.00123,0.00092,0.00071,0.00083,0.00092,0.00118,0.00158,0.00209,0.00263,0.00311,0.00345,0.00356,0.00345,0.00311,0.00263,0.00209,0.00158,0.00118,0.00092,0.00111,0.00123,0.00158,0.00213,0.00281,0.00354,0.00419,0.00464,0.0048,0.00464,0.00419,0.00354,0.00281,0.00213,0.00158,0.00123,0.00147,0.00163,0.00209,0.00281,0.00372,0.00467,0.00553,0.00612,0.00634,0.00612,0.00553,0.00467,0.00372,0.00281,0.00209,0.00163,0.00185,0.00205,0.00263,0.00354,0.00467,0.00588,0.00695,0.0077,0.00797,0.0077,0.00695,0.00588,0.00467,0.00354,0.00263,0.00205,0.00219,0.00242,0.00311,0.00419,0.00553,0.00695,0.00823,0.00911,0.00943,0.00911,0.00823,0.00695,0.00553,0.00419,0.00311,0.00242,0.00242,0.00268,0.00345,0.00464,0.00612,0.0077,0.00911,0.01009,0.01044,0.01009,0.00911,0.0077,0.00612,0.00464,0.00345,0.00268,0.00251,0.00278,0.00356,0.0048,0.00634,0.00797,0.00943,0.01044,0.01081,0.01044,0.00943,0.00797,0.00634,0.0048,0.00356,0.00278,0.00242,0.00268,0.00345,0.00464,0.00612,0.0077,0.00911,0.01009,0.01044,0.01009,0.00911,0.0077,0.00612,0.00464,0.00345,0.00268,0.00219,0.00242,0.00311,0.00419,0.00553,0.00695,0.00823,0.00911,0.00943,0.00911,0.00823,0.00695,0.00553,0.00419,0.00311,0.00242,0.00185,0.00205,0.00263,0.00354,0.00467,0.00588,0.00695,0.0077,0.00797,0.0077,0.00695,0.00588,0.00467,0.00354,0.00263,0.00205,0.00147,0.00163,0.00209,0.00281,0.00372,0.00467,0.00553,0.00612,0.00634,0.00612,0.00553,0.00467,0.00372,0.00281,0.00209,0.00163,0.00111,0.00123,0.00158,0.00213,0.00281,0.00354,0.00419,0.00464,0.0048,0.00464,0.00419,0.00354,0.00281,0.00213,0.00158,0.00123,0.00083,0.00092,0.00118,0.00158,0.00209,0.00263,0.00311,0.00345,0.00356,0.00345,0.00311,0.00263,0.00209,0.00158,0.00118,0.00092,0.00064,0.00071,0.00092,0.00123,0.00163,0.00205,0.00242,0.00268,0.00278,0.00268,0.00242,0.00205,0.00163,0.00123,0.00092,0.00071],[0.00102,0.00109,0.00131,0.00163,0.00204,0.00245,0.00282,0.00307,0.00316,0.00307,0.00282,0.00245,0.00204,0.00163,0.00131,0.00109,0.00109,0.00117,0.0014,0.00174,0.00217,0.00261,0.00299,0.00326,0.00335,0.00326,0.00299,0.00261,0.00217,0.00174,0.0014,0.00117,0.00131,0.0014,0.00166,0.00206,0.00255,0.00306,0.0035,0.0038,0.00391,0.0038,0.0035,0.00306,0.00255,0.00206,0.00166,0.0014,0.00163,0.00174,0.00206,0.00255,0.00314,0.00374,0.00427,0.00463,0.00476,0.00463,0.00427,0.00374,0.00314,0.00255,0.00206,0.00174,0.00204,0.00217,0.00255,0.00314,0.00384,0.00457,0.0052,0.00563,0.00578,0.00563,0.0052,0.00457,0.00384,0.00314,0.00255,0.00217,0.00245,0.00261,0.00306,0.00374,0.00457,0.00541,0.00614,0.00664,0.00682,0.00664,0.00614,0.00541,0.00457,0.00374,0.00306,0.00261,0.00282,0.00299,0.0035,0.00427,0.0052,0.00614,0.00697,0.00752,0.00772,0.00752,0.00697,0.00614,0.0052,0.00427,0.0035,0.00299,0.00307,0.00326,0.0038,0.00463,0.00563,0.00664,0.00752,0.00812,0.00833,0.00812,0.00752,0.00664,0.00563,0.00463,0.0038,0.00326,0.00316,0.00335,0.00391,0.00476,0.00578,0.00682,0.00772,0.00833,0.00855,0.00833,0.00772,0.00682,0.00578,0.00476,0.00391,0.00335,0.00307,0.00326,0.0038,0.00463,0.00563,0.00664,0.00752,0.00812,0.00833,0.00812,0.00752,0.00664,0.00563,0.00463,0.0038,0.00326,0.00282,0.00299,0.0035,0.00427,0.0052,0.00614,0.00697,0.00752,0.00772,0.00752,0.00697,0.00614,0.0052,0.00427,0.0035,0.00299,0.00245,0.00261,0.00306,0.00374,0.00457,0.00541,0.00614,0.00664,0.00682,0.00664,0.00614,0.00541,0.00457,0.00374,0.00306,0.00261,0.00204,0.00217,0.00255,0.00314,0.00384,0.00457,0.0052,0.00563,0.00578,0.00563,0.0052,0.00457,0.00384,0.00314,0.00255,0.00217,0.00163,0.00174,0.00206,0.00255,0.00314,0.00374,0.00427,0.00463,0.00476,0.00463,0.00427,0.00374,0.00314,0.00255,0.00206,0.00174,0.00131,0.0014,0.00166,0.00206,0.00255,0.00306,0.0035,0.0038,0.00391,0.0038,0.0035,0.00306,0.00255,0.00206,0.00166,0.0014,0.00109,0.00117,0.0014,0.00174,0.00217,0.00261,0.00299,0.00326,0.00335,0.00326,0.00299,0.00261,0.00217,0.00174,0.0014,0.00117],[0.00203,0.00212,0.00237,0.00275,0.00323,0.00372,0.00416,0.00446,0.00457,0.00446,0.00416,0.00372,0.00323,0.00275,0.00237,0.00212,0.00212,0.0022,0.00245,0.00282,0.00328,0.00376,0.00418,0.00447,0.00457,0.00447,0.00418,0.00376,0.00328,0.00282,0.00245,0.0022,0.00237,0.00245,0.00267,0.003,0.00342,0.00385,0.00423,0.00449,0.00458,0.00449,0.00423,0.00385,0.00342,0.003,0.00267,0.00245,0.00275,0.00282,0.003,0.00329,0.00363,0.00399,0.0043,0.00451,0.00459,0.00451,0.0043,0.00399,0.00363,0.00329,0.003,0.00282,0.00323,0.00328,0.00342,0.00363,0.00389,0.00415,0.00438,0.00453,0.00459,0.00453,0.00438,0.00415,0.00389,0.00363,0.00342,0.00328,0.00372,0.00376,0.00385,0.00399,0.00415,0.00431,0.00445,0.00454,0.00457,0.00454,0.00445,0.00431,0.00415,0.00399,0.00385,0.00376,0.00416,0.00418,0.00423,0.0043,0.00438,0.00445,0.0045,0.00453,0.00454,0.00453,0.0045,0.00445,0.00438,0.0043,0.00423,0.00418,0.00446,0.00447,0.00449,0.00451,0.00453,0.00454,0.00453,0.00453,0.00452,0.00453,0.00453,0.00454,0.00453,0.00451,0.00449,0.00447,0.00457,0.00457,0.00458,0.00459,0.00459,0.00457,0.00454,0.00452,0.00451,0.00452,0.00454,0.00457,0.00459,0.00459,0.00458,0.00457,0.00446,0.00447,0.00449,0.00451,0.00453,0.00454,0.00453,0.00453,0.00452,0.00453,0.00453,0.00454,0.00453,0.00451,0.00449,0.00447,0.00416,0.00418,0.00423,0.0043,0.00438,0.00445,0.0045,0.00453,0.00454,0.00453,0.0045,0.00445,0.00438,0.0043,0.00423,0.00418,0.00372,0.00376,0.00385,0.00399,0.00415,0.00431,0.00445,0.00454,0.00457,0.00454,0.00445,0.00431,0.00415,0.00399,0.00385,0.00376,0.00323,0.00328,0.00342,0.00363,0.00389,0.00415,0.00438,0.00453,0.00459,0.00453,0.00438,0.00415,0.00389,0.00363,0.00342,0.00328,0.00275,0.00282,0.003,0.00329,0.00363,0.00399,0.0043,0.00451,0.00459,0.00451,0.0043,0.00399,0.00363,0.00329,0.003,0.00282,0.00237,0.00245,0.00267,0.003,0.00342,0.00385,0.00423,0.00449,0.00458,0.00449,0.00423,0.00385,0.00342,0.003,0.00267,0.00245,0.00212,0.0022,0.00245,0.00282,0.00328,0.00376,0.00418,0.00447,0.00457,0.00447,0.00418,0.00376,0.00328,0.00282,0.00245,0.0022],[0.00284,0.00292,0.00313,0.00347,0.0039,0.00436,0.00478,0.00507,0.00517,0.00507,0.00478,0.00436,0.0039,0.00347,0.00313,0.00292,0.00292,0.00298,0.00318,0.00349,0.00389,0.00431,0.0047,0.00497,0.00507,0.00497,0.0047,0.00431,0.00389,0.00349,0.00318,0.00298,0.00313,0.00318,0.00332,0.00355,0.00385,0.00418,0.00449,0.0047,0.00478,0.0047,0.00449,0.00418,0.00385,0.00355,0.00332,0.00318,0.00347,0.00349,0.00355,0.00366,0.00382,0.004,0.00418,0.00432,0.00437,0.00432,0.00418,0.004,0.00382,0.00366,0.00355,0.00349,0.0039,0.00389,0.00385,0.00382,0.0038,0.00382,0.00385,0.00389,0.00391,0.00389,0.00385,0.00382,0.0038,0.00382,0.00385,0.00389,0.00436,0.00431,0.00418,0.004,0.00382,0.00366,0.00356,0.0035,0.00348,0.0035,0.00356,0.00366,0.00382,0.004,0.00418,0.00431,0.00478,0.0047,0.00449,0.00418,0.00385,0.00356,0.00333,0.00319,0.00315,0.00319,0.00333,0.00356,0.00385,0.00418,0.00449,0.0047,0.00507,0.00497,0.0047,0.00432,0.00389,0.0035,0.00319,0.003,0.00294,0.003,0.00319,0.0035,0.00389,0.00432,0.0047,0.00497,0.00517,0.00507,0.00478,0.00437,0.00391,0.00348,0.00315,0.00294,0.00286,0.00294,0.00315,0.00348,0.00391,0.00437,0.00478,0.00507,0.00507,0.00497,0.0047,0.00432,0.00389,0.0035,0.00319,0.003,0.00294,0.003,0.00319,0.0035,0.00389,0.00432,0.0047,0.00497,0.00478,0.0047,0.00449,0.00418,0.00385,0.00356,0.00333,0.00319,0.00315,0.00319,0.00333,0.00356,0.00385,0.00418,0.00449,0.0047,0.00436,0.00431,0.00418,0.004,0.00382,0.00366,0.00356,0.0035,0.00348,0.0035,0.00356,0.00366,0.00382,0.004,0.00418,0.00431,0.0039,0.00389,0.00385,0.00382,0.0038,0.00382,0.00385,0.00389,0.00391,0.00389,0.00385,0.00382,0.0038,0.00382,0.00385,0.00389,0.00347,0.00349,0.00355,0.00366,0.00382,0.004,0.00418,0.00432,0.00437,0.00432,0.00418,0.004,0.00382,0.00366,0.00355,0.00349,0.00313,0.00318,0.00332,0.00355,0.00385,0.00418,0.00449,0.0047,0.00478,0.0047,0.00449,0.00418,0.00385,0.00355,0.00332,0.00318,0.00292,0.00298,0.00318,0.00349,0.00389,0.00431,0.0047,0.00497,0.00507,0.00497,0.0047,0.00431,0.00389,0.00349,0.00318,0.00298],[0.0029,0.00294,0.00306,0.00325,0.00349,0.00374,0.00396,0.00411,0.00416,0.00411,0.00396,0.00374,0.00349,0.00325,0.00306,0.00294,0.00294,0.00298,0.0031,0.00329,0.00352,0.00376,0.00397,0.00412,0.00418,0.00412,0.00397,0.00376,0.00352,0.00329,0.0031,0.00298,0.00306,0.0031,0.00321,0.00338,0.0036,0.00382,0.00402,0.00416,0.00421,0.00416,0.00402,0.00382,0.0036,0.00338,0.00321,0.0031,0.00325,0.00329,0.00338,0.00353,0.00372,0.00392,0.00409,0.00422,0.00426,0.00422,0.00409,0.00392,0.00372,0.00353,0.00338,0.00329,0.00349,0.00352,0.0036,0.00372,0.00388,0.00404,0.00419,0.00429,0.00433,0.00429,0.00419,0.00404,0.00388,0.00372,0.0036,0.00352,0.00374,0.00376,0.00382,0.00392,0.00404,0.00417,0.00429,0.00437,0.00439,0.00437,0.00429,0.00417,0.00404,0.00392,0.00382,0.00376,0.00396,0.00397,0.00402,0.00409,0.00419,0.00429,0.00437,0.00443,0.00446,0.00443,0.00437,0.00429,0.00419,0.00409,0.00402,0.00397,0.00411,0.00412,0.00416,0.00422,0.00429,0.00437,0.00443,0.00448,0.0045,0.00448,0.00443,0.00437,0.00429,0.00422,0.00416,0.00412,0.00416,0.00418,0.00421,0.00426,0.00433,0.00439,0.00446,0.0045,0.00451,0.0045,0.00446,0.00439,0.00433,0.00426,0.00421,0.00418,0.00411,0.00412,0.00416,0.00422,0.00429,0.00437,0.00443,0.00448,0.0045,0.00448,0.00443,0.00437,0.00429,0.00422,0.00416,0.00412,0.00396,0.00397,0.00402,0.00409,0.00419,0.00429,0.00437,0.00443,0.00446,0.00443,0.00437,0.00429,0.00419,0.00409,0.00402,0.00397,0.00374,0.00376,0.00382,0.00392,0.00404,0.00417,0.00429,0.00437,0.00439,0.00437,0.00429,0.00417,0.00404,0.00392,0.00382,0.00376,0.00349,0.00352,0.0036,0.00372,0.00388,0.00404,0.00419,0.00429,0.00433,0.00429,0.00419,0.00404,0.00388,0.00372,0.0036,0.00352,0.00325,0.00329,0.00338,0.00353,0.00372,0.00392,0.00409,0.00422,0.00426,0.00422,0.00409,0.00392,0.00372,0.00353,0.00338,0.00329,0.00306,0.0031,0.00321,0.00338,0.0036,0.00382,0.00402,0.00416,0.00421,0.00416,0.00402,0.00382,0.0036,0.00338,0.00321,0.0031,0.00294,0.00298,0.0031,0.00329,0.00352,0.00376,0.00397,0.00412,0.00418,0.00412,0.00397,0.00376,0.00352,0.00329,0.0031,0.00298],[0.0026,0.00262,0.00267,0.00276,0.00285,0.00295,0.00304,0.0031,0.00312,0.0031,0.00304,0.00295,0.00285,0.00276,0.00267,0.00262,0.00262,0.00264,0.00271,0.00281,0.00293,0.00306,0.00316,0.00324,0.00326,0.00324,0.00316,0.00306,0.00293,0.00281,0.00271,0.00264,0.00267,0.00271,0.00281,0.00297,0.00316,0.00335,0.00351,0.00362,0.00366,0.00362,0.00351,0.00335,0.00316,0.00297,0.00281,0.00271,0.00276,0.00281,0.00297,0.00321,0.00349,0.00378,0.00403,0.0042,0.00426,0.0042,0.00403,0.00378,0.00349,0.00321,0.00297,0.00281,0.00285,0.00293,0.00316,0.00349,0.00389,0.0043,0.00465,0.00488,0.00496,0.00488,0.00465,0.0043,0.00389,0.00349,0.00316,0.00293,0.00295,0.00306,0.00335,0.00378,0.0043,0.00482,0.00526,0.00556,0.00567,0.00556,0.00526,0.00482,0.0043,0.00378,0.00335,0.00306,0.00304,0.00316,0.00351,0.00403,0.00465,0.00526,0.00579,0.00614,0.00627,0.00614,0.00579,0.00526,0.00465,0.00403,0.00351,0.00316,0.0031,0.00324,0.00362,0.0042,0.00488,0.00556,0.00614,0.00653,0.00667,0.00653,0.00614,0.00556,0.00488,0.0042,0.00362,0.00324,0.00312,0.00326,0.00366,0.00426,0.00496,0.00567,0.00627,0.00667,0.00681,0.00667,0.00627,0.00567,0.00496,0.00426,0.00366,0.00326,0.0031,0.00324,0.00362,0.0042,0.00488,0.00556,0.00614,0.00653,0.00667,0.00653,0.00614,0.00556,0.00488,0.0042,0.00362,0.00324,0.00304,0.00316,0.00351,0.00403,0.00465,0.00526,0.00579,0.00614,0.00627,0.00614,0.00579,0.00526,0.00465,0.00403,0.00351,0.00316,0.00295,0.00306,0.00335,0.00378,0.0043,0.00482,0.00526,0.00556,0.00567,0.00556,0.00526,0.00482,0.0043,0.00378,0.00335,0.00306,0.00285,0.00293,0.00316,0.00349,0.00389,0.0043,0.00465,0.00488,0.00496,0.00488,0.00465,0.0043,0.00389,0.00349,0.00316,0.00293,0.00276,0.00281,0.00297,0.00321,0.00349,0.00378,0.00403,0.0042,0.00426,0.0042,0.00403,0.00378,0.00349,0.00321,0.00297,0.00281,0.00267,0.00271,0.00281,0.00297,0.00316,0.00335,0.00351,0.00362,0.00366,0.00362,0.00351,0.00335,0.00316,0.00297,0.00281,0.00271,0.00262,0.00264,0.00271,0.00281,0.00293,0.00306,0.00316,0.00324,0.00326,0.00324,0.00316,0.00306,0.00293,0.00281,0.00271,0.00264]],[[0.00058,0.00064,0.00083,0.00111,0.00147,0.00185,0.00219,0.00242,0.00251,0.00242,0.00219,0.00185,0.00147,0.00111,0.00083,0.00064,0.00064,0.00071,0.00092,0.00123,0.00163,0.00205,0.00242,0.00268,0.00278,0.00268,0.00242,0.00205,0.00163,0.00123,0.00092,0.00071,0.00083,0.00092,0.00118,0.00158,0.00209,0.00263,0.00311,0.00345,0.00356,0.00345,0.00311,0.00263,0.00209,0.00158,0.00118,0.00092,0.00111,0.00123,0.00158,0.00213,0.00281,0.00354,0.00419,0.00464,0.0048,0.00464,0.00419,0.00354,0.00281,0.00213,0.00158,0.00123,0.00147,0.00163,0.00209,0.00281,0.00372,0.00467,0.00553,0.00612,0.00634,0.00612,0.00553,0.00467,0.00372,0.00281,0